	CD8 T	B	CD4 T	FCGR3A Monocytes	NK	CD14 Monocytes
0	0.285519896488285	0.0836672508624764	0.108783480806202	0.270522622971048	0.0746897060695758	0.176817042802412
0	0.151284979064114	0.101614595989649	0.122708831096209	0.315087746986683	0.272373699392745	0.0369301474706007
0	0.0844169355304467	0.0639641952797951	0.213250732316911	0.299715660539077	0.106563716910255	0.232088759423515
0	0.164689435447098	0.0391837148757207	0.0368634577507798	0.302185388533693	0.146714153035041	0.310363850357667
0	0.063359294013962	0.119283556799359	0.149820508313933	0.172546221283094	0.327422764928278	0.167567654661373
0	0.853796768851915	0.0309272361254665	0.0244524123257231	0.0286636536553105	0.0107143728468539	0.0514455561947314
0	0.0079189576052202	0.134557022944319	0.0308947956692136	0.582214781784945	0.015675292073635	0.228739149922666
0	0.163631837563897	0.0834611320260496	0.34032218495106	0.117051892243173	0.255709558620825	0.0398233945949952
0	0.125451368944964	0.0892070591910417	0.331465764768192	0.301479500350838	0.0524990911023096	0.0998972156426539
0	0.12548768434094	0.100504717753431	0.148726141572543	0.438352380256097	0.0651718957895213	0.121757180287468
0	0.115393572734968	0.0675427805791614	0.0305331424143321	0.0834436336709326	0.13597300678976	0.567113863810846
0	0.143555172643335	0.0986106510740753	0.0531646719181852	0.208540589441055	0.0295276105457184	0.466601304377632
0	0.0270796754458184	0.278179146346816	0.0522923551718419	0.480365668854542	0.104158033865826	0.0579251203151551
0	0.0629067701893553	0.472601883251433	0.0157086569050802	0.139205235996929	0.0128902104029474	0.296687243254255
0	0.227157361605052	0.274145562220701	0.100096343911986	0.168656183649826	0.172247216006807	0.0576973326056275
0	0.0424893111233368	0.0609546501290304	0.0191433461821286	0.736509266317997	0.088688793739803	0.0522146325077038
0	0.293204714944963	0.0542768063952158	0.0434750801323906	0.317447372438325	0.18493787937125	0.106658146717856
0	0.0513097612320204	0.0365177321599175	0.101967142048325	0.56596317393389	0.176698720679438	0.0675434699464088
0	0.262968986722862	0.143385825356791	0.182788861266313	0.287511761458016	0.0730301702846518	0.0503143949113671
0	0.387175143192099	0.0844516877269574	0.171069838503405	0.245229247145682	0.0513977774181048	0.0606763060137526
0	0.153392836072357	0.0947642174772854	0.280462773223945	0.331907169064187	0.0339476974829768	0.105525306679249
0	0.0728057082345153	0.0152501869919824	0.205650213010572	0.613345189827662	0.0791980813157596	0.0137506206195089
0	0.511183827222528	0.140855612276553	0.056849559581776	0.0773762367820209	0.13571040797145	0.0780243561656715
0	0.220954654746652	0.102365670486459	0.0441213895896476	0.422800314194759	0.0157849105955915	0.193973060386891
0	0.0844496583123508	0.678912553132571	0.0844927428786377	0.10298147305164	0.0220649139745238	0.0270986586502758
0	0.139260878030495	0.237415211294152	0.207162804823388	0.19144806970641	0.0356117802141323	0.189101255931423
0	0.0324135535982945	0.0281540901036362	0.0114500029067032	0.808222084630406	0.0616907182015614	0.0580695505593985
0	0.181484209215309	0.0304863549921128	0.0773458996737682	0.365198009831725	0.143569556500036	0.201915969787049
0	0.0109217504691067	0.0232948989906593	0.0140803893535827	0.0347458172879561	0.0844103843450905	0.832546759553605
0	0.135346278407291	0.437142798932171	0.198420203125043	0.128743326352326	0.0281746364300244	0.0721727567531443
0	0.114708420230689	0.0561945137670193	0.10402364043069	0.525764172540181	0.0769634256978191	0.122345827333601
0	0.017068133015067	0.0462718057833242	0.0080907806737775	0.282470467406924	0.211001769299382	0.435097043821526
0	0.0818397754484928	0.0348087942239171	0.0270744952884701	0.108156935773732	0.0698794067390153	0.678240592526372
0	0.0657984142958097	0.129938632224513	0.0928081692617471	0.298180555924724	0.336857726592371	0.0764165017008356
0	0.156714449634233	0.0722841709565718	0.0493760838824991	0.654633716704185	0.0605259200090692	0.0064656588134421
0	0.0572484261881096	0.053307698251794	0.0751458942643234	0.343745168326596	0.38224216025602	0.0883106527131567
0	0.100121115986079	0.0943150243434683	0.491819893542647	0.0739987968043817	0.19751046670414	0.0422347026192834
0	0.300153032340789	0.120259720898208	0.212224072570215	0.0932807005766169	0.24656467863851	0.0275177949756611
0	0.135156885373669	0.0144231268554072	0.0149254215006194	0.774550603309183	0.0432977376057429	0.0176462253553781
0	0.153879606245189	0.154194124947652	0.0442121526578	0.147723454755724	0.11542656693737	0.384564094456265
0	0.0255319770021245	0.0613058784213761	0.0966654593481101	0.632071799381438	0.0213476401263634	0.163077245720588
0	0.0956890954997383	0.119927943934036	0.121577555832873	0.0986514431744194	0.270772736420399	0.293381225138534
0	0.120837184163381	0.123976204694622	0.133777792701231	0.483062725927182	0.0086735402022271	0.129672552311358
0	0.180234033913876	0.0780985703055934	0.31655585795203	0.255612230720892	0.0952314267637843	0.0742678803438243
0	0.0360568849727115	0.143298880931134	0.0821745105766203	0.109645777052588	0.498450614086272	0.130373332380673
0	0.519364399216277	0.133093848690952	0.0828007715320906	0.0865505435302363	0.126667893800905	0.0515225432295395
0	0.30666829921134	0.142540224409625	0.0768830904984298	0.336746126777352	0.0820761803797472	0.055086078723506
0	0.123572630181814	0.12399533619943	0.219770111391938	0.45656466440814	0.0126444518457646	0.0634528059729133
0	0.0551791314201324	0.378369670712854	0.257645952651081	0.0957534897685344	0.0727742055330578	0.14027754991434
0	0.162120777228099	0.0966423385198982	0.0417836020282862	0.31515493993621	0.197077336998262	0.187221005289245
0	0.0509320375042231	0.716858917865085	0.0095073884534842	0.0866400735076846	0.0601857295472334	0.0758758531222895
0	0.112676116114399	0.479356194365064	0.131025685960832	0.127891656312237	0.0941209425169684	0.0549294047305
0	0.0405091406233532	0.0951589580217891	0.453450915787244	0.160218127057179	0.0421320385642687	0.208530819946167
0	0.587540836933502	0.0526554597772206	0.130463534380812	0.0170768700572175	0.0971906024052091	0.115072696446039
0	0.0673256570373264	0.0908939655936252	0.0604215852009597	0.540172676886968	0.213598974346445	0.0275871409346757
0	0.443875906534845	0.0739086611424254	0.0390495528527551	0.0580773856628832	0.230520768778317	0.154567725028774
0	0.342410488871883	0.0378584862749178	0.0944296895573669	0.134687486012592	0.172518240233937	0.218095609049304
0	0.108174600704571	0.028433937747025	0.0954530982448223	0.126524327622588	0.0710212950514499	0.570392740629543
0	0.0374635425182635	0.456751049211068	0.0812359627408605	0.0324170367098872	0.107056797299866	0.285075611520054
0	0.0668301896275967	0.129241165872759	0.0527297475341729	0.511689015829212	0.0431700785596326	0.196339802576627
0	0.112113887152577	0.304843047500707	0.0880564749900387	0.32121493894344	0.0782126073040684	0.095559044109169
0	0.0369499035669413	0.108287316842612	0.0673080314801631	0.24974142894103	0.258995534636496	0.278717784532757
0	0.105272204612572	0.024948522708656	0.150017975727849	0.228765047875439	0.0326808478073202	0.458315401268163
0	0.13093461987507	0.328485768417869	0.0759578274176611	0.362963765743475	0.0666714668508993	0.0349865516950257
0	0.061266934745806	0.407156783363583	0.296676486348059	0.0965692853149632	0.0903156642247169	0.0480148460028719
0	0.0952430932290387	0.479422955639138	0.0266363356297854	0.237230759667009	0.141992390976021	0.0194744648590085
0	0.405467078521845	0.0049964937857062	0.019894249864629	0.141877733002845	0.402742465513064	0.0250219793119102
0	0.0096856112407262	0.0164679839074961	0.0784382118420397	0.580070871236549	0.186397615015233	0.128939706757957
0	0.124351095833198	0.045276549350305	0.0459543274645861	0.643461280922996	0.0732552986161179	0.0677014478127972
0	0.181450503968751	0.0049572308384039	0.0495563342668916	0.498637073726862	0.0752265457529663	0.190172311446126
0	0.0239927640155996	0.281842228155215	0.110367638124785	0.0978442724269214	0.119588412137004	0.366364685140475
0	0.111967860440781	0.118254431529593	0.0849434665230218	0.0659329077046507	0.429557813834628	0.189343519967325
0	0.210849649757459	0.167836584695857	0.0389550498384845	0.0725276203270277	0.285176743982598	0.224654351398575
0	0.0813288840837883	0.0207320166485188	0.198219844226185	0.578419994770516	0.0865549736049868	0.0347442866660053
0	0.496979417084274	0.0517392413244596	0.163422193059241	0.100783598194741	0.0796370975635801	0.107438452773704
0	0.319620545445492	0.0384853264083503	0.0502276625476739	0.36720691339235	0.141159207888839	0.0833003443172946
0	0.0348643193388672	0.0444574418544358	0.21102510950466	0.357459542321099	0.101357900775889	0.250835686205049
0	0.11238960646901	0.036621088133505	0.141853917306455	0.401283896151877	0.0432112844691756	0.264640207469977
0	0.0209972299929056	0.0197784898163412	0.293477780298968	0.393788886179595	0.183002103811062	0.0889555099011284
0	0.157163377111632	0.159600345261102	0.0919028180816952	0.153220894494329	0.13840523281124	0.299707332240002
0	0.0232745224193966	0.0399529215457497	0.387787144783727	0.458920167341649	0.0258089275240417	0.064256316385436
0	0.241415593443607	0.328262301811954	0.118581850959297	0.250577602725822	0.0172068774614837	0.0439557735978366
0	0.214952624093727	0.0301405001212004	0.567467469403716	0.0447948041027825	0.0624350639387347	0.0802095383398399
0	0.112617930782829	0.0310722191586441	0.303320346757039	0.102282993019558	0.282410929205334	0.168295581076595
0	0.0326398189870852	0.0412799015376432	0.172886116399306	0.109566998906001	0.51107697863471	0.132550185535254
0	0.582324002198451	0.199384069697531	0.0458356476582912	0.0182712996296749	0.0982267332809081	0.0559582475351442
0	0.0470910851620605	0.0297658857554056	0.0171724415504143	0.049990617317618	0.747401490661965	0.108578479552537
0	0.344882251785125	0.0215066933523217	0.0675744013464811	0.134613728960541	0.217872076406482	0.213550848149049
0	0.337586047412281	0.245106589764715	0.0793123227476606	0.204369420182652	0.0315283181538516	0.10209730173884
0	0.0762632264712073	0.108532886150699	0.310260870018535	0.112606035754743	0.0648200322374877	0.327516949367327
0	0.156424863434865	0.106920625396348	0.0840116605795651	0.475640415557776	0.0848296506466775	0.092172784384768
0	0.0262599706955003	0.0163745336744551	0.0589883302367349	0.790819479289744	0.0864317309640121	0.0211259551395534
0	0.044377353385178	0.0349166461730495	0.484749786367265	0.204132730996557	0.0786798138827284	0.153143669195222
0	0.253951322638829	0.447522089399329	0.0344008180363604	0.0775054895929214	0.012627331027627	0.173992949304934
0	0.125935469135027	0.0880929825116144	0.256889917797272	0.38799787390823	0.0608383734743685	0.0802453831734884
0	0.0412940265386903	0.616205345877065	0.000483231657338	0.0639170130343592	0.0918617668857141	0.186238616006834
0	0.0433765852351501	0.0343382200425513	0.0785580773004705	0.326419223052617	0.0234227987182709	0.49388509565094
0	0.0526721220800844	0.306708506196273	0.0264465445050329	0.258082333379176	0.278484529861325	0.0776059639781083
0	0.0680480748891337	0.097288682900973	0.114569010721041	0.0353826752561356	0.194763598894872	0.489947957337844
0	0.0365261771673082	0.033552367223489	0.29341876161713	0.191127524147486	0.120401707191507	0.324973462653079
0	0.0479335493173174	0.463371906315744	0.0442822204302543	0.120893396603095	0.222609682258667	0.100909245074922
0	0.0164793214195064	0.15591764526389	0.167432251463651	0.27496837030489	0.321696107879606	0.0635063036684579
0	0.184640687593026	0.0232797223306448	0.037747723772559	0.331575469980674	0.324165520865028	0.0985908754580685
0	0.248274713332601	0.0137246203691482	0.0590270788943682	0.322067880759302	0.25089052782446	0.106015178820122
0	0.338058983454442	0.262701768693279	0.0802607885506387	0.0466115135858284	0.188561683742553	0.0838052619732586
0	0.0308091896177565	0.242189210346377	0.215089414114392	0.328853286061993	0.0151199803816918	0.16793891947779
0	0.0236144861366113	0.809398507735593	0.0025974328439697	0.133494257798659	0.0170452654566253	0.0138500500285414
0	0.207556716094887	0.138643734680301	0.288344780423504	0.0441749130341173	0.0330674102619148	0.288212445505275
0	0.206853209294062	0.39319468682144	0.0641142676302632	0.188027724753695	0.0417117978039292	0.106098313696611
0	0.141411511362817	0.311087095760458	0.0768239789701822	0.204268467143208	0.0289083389871054	0.237500607776229
0	0.338409683315602	0.147940897557732	0.341397839381439	0.0079274587766478	0.156809524374838	0.0075145965937416
0	0.13649898050444	0.499279600115085	0.0219684348480862	0.125304031357568	0.0911827488548397	0.125766204319981
0	0.0427847385482374	0.123034010519593	0.077463170905653	0.633569408116923	0.0235721522173284	0.0995765196922647
0	0.184949831331331	0.180523119242747	0.195606019541099	0.0908582272535841	0.175665418199784	0.172397384431455
0	0.049190051802906	0.133983329537496	0.098812364693016	0.607747585666123	0.0341965813681263	0.0760700869323327
0	0.0611493549481522	0.0463838086190081	0.239496933525381	0.22062717656462	0.396249123179854	0.0360936031629848
0	0.0420829371475469	0.15034585316969	0.232136375578607	0.0703901521459954	0.478580547152462	0.0264641348056992
0	0.113282207705063	0.177268637773457	0.0906419634308882	0.179143348214409	0.0488747397381826	0.390789103138
0	0.638903781066075	0.207997000005549	0.0203556079711767	0.0120293261675986	0.0086034739855273	0.112110810804073
0	0.0308609717365886	0.108889775392242	0.271077413614014	0.106176776358889	0.195818410593701	0.287176652304566
0	0.0392806440356452	0.184319647571363	0.0572387424578324	0.212934027202567	0.0301920669057394	0.476034871826853
0	0.0994605996145103	0.0666458857174736	0.246467350590585	0.209014616559439	0.293936433460324	0.0844751140576682
0	0.125854670731091	0.148514681693827	0.0800317385340104	0.253233094883484	0.150989783389916	0.241376030767671
0	0.0807438617131134	0.311139707815122	0.173398001375045	0.140961099499352	0.112618653774549	0.181138675822818
0	0.429882781611572	0.0056540157860773	0.11949833398212	0.195613377634078	0.0461028934949345	0.203248597491218
0	0.0562168637258358	0.062976315966426	0.381832046328283	0.230384574188476	0.0827320816002394	0.185858118190739
0	0.257975505766239	0.0129139057569861	0.487122085052121	0.119701210792332	0.0771251796589099	0.0451621129734113
0	0.310847384519618	0.10340568939665	0.369329032748288	0.0173070680594798	0.0840901541278654	0.1150206711481
0	0.0567131384124031	0.0450437302573777	0.0092513756643434	0.827307193554963	0.0280319236884335	0.0336526384224795
0	0.100060153234484	0.138341049316093	0.172954620041666	0.217909310134488	0.15160259232497	0.219132274948299
0	0.228049528956597	0.227455058646581	0.232765391174378	0.0620385717908346	0.156323588291409	0.0933678611402001
0	0.148361063762241	0.248537519421763	0.0389980118450874	0.384752276986765	0.0389505680712506	0.140400559912894
0	0.0377375416495565	0.0390397992518387	0.0750145327886911	0.221121023139816	0.512113543039578	0.11497356013052
0	0.0337893164223206	0.124736907959179	0.354938263443853	0.248167382152434	0.0070480256058929	0.231320104416321
0	0.420459207573349	0.0780913994969531	0.128093888322414	0.0780705149730568	0.163678957641132	0.131606031993095
0	0.253862229372105	0.371519613886326	0.157807881940144	0.0392819919494525	0.121192732530152	0.0563355503218198
0	0.0541210725493966	0.214867056352558	0.143091033696115	0.317767855301782	0.102142469110311	0.168010512989838
0	0.172540407323638	0.168008908508623	0.0676613459820576	0.431623613029792	0.058458262839273	0.101707462316616
0	0.0125598441204423	0.0646723596363677	0.13539744024919	0.299794766717683	0.169250409613761	0.318325179662556
0	0.350202418590957	0.029257047389552	0.0731006028909617	0.29091477248646	0.0663568278967447	0.190168330745325
0	0.046443150123221	0.0211079813622143	0.14376388367941	0.389565401055545	0.0356066746353466	0.363512909144263
0	0.057384161599663	0.237209283689198	0.0750167254991558	0.427784500996465	0.0297915763501771	0.172813751865341
0	0.0876092800987016	0.0817182455471777	0.446133125408329	0.0519492244655554	0.316980867548618	0.0156092569316184
0	0.583099209373219	0.106943746642683	0.0756129912348624	0.172578360625591	0.0104775194275851	0.051288172696059
0	0.0528209756051516	0.232355091650478	0.068492085541218	0.480019853902692	0.0276476471795749	0.138664346120886
0	0.234937781183607	0.14906216279011	0.152779305061825	0.0796137355038408	0.197813827591591	0.185793187869026
0	0.383673383233907	0.211340755781523	0.0220544973454844	0.172879089053006	0.0442473297691544	0.165804944816925
0	0.53546134266028	0.199865859506893	0.0473441876412045	0.0975853965240477	0.0271498736547205	0.0925933400128551
0	0.127215731612922	0.0670024886034994	0.0885040055107823	0.403226208776226	0.148666360579572	0.165385204916998
0	0.111743652451244	0.233375028624237	0.0116774046018419	0.428264790869586	0.0818255204710115	0.13311360298208
0	0.234958664064778	0.114036513521153	0.254868777318574	0.0738106513373487	0.0912656266769524	0.231059767081193
0	0.222189326186175	0.334461479687018	0.171717321548285	0.13430718320739	0.0982085385247022	0.0391161508464293
0	0.277647037706832	0.0921161120661598	0.0488284620146438	0.318389734228896	0.0719164243654774	0.191102229617991
0	0.768706663269415	0.0225699553410639	0.0667288178656283	0.0524732898628291	0.0422533299450554	0.047267943716009
0	0.0082424239586169	0.120275473919613	0.0333950011996844	0.260434658255449	0.167670037569783	0.409982405096854
0	0.0285563974253558	0.183282823586788	0.0486975517570103	0.0904362313274203	0.0389942551491099	0.610032740754316
0	0.184600156965475	0.0660156039076647	0.0336965394930598	0.26607407282704	0.409428982472194	0.040184644334567
0	0.201170775121869	0.277423699291907	0.122089379828854	0.338777774959951	0.0085652619950402	0.051973108802379
0	0.0305523257768301	0.117559391877223	0.0857253832757808	0.486130889008697	0.195306223775549	0.0847257862859195
0	0.113555142617316	0.276377279316357	0.0252050347925255	0.107729927114404	0.0133799037312404	0.463752712428157
0	0.298992620859507	0.184122979081953	0.0583388780215625	0.128317815314588	0.179795597651102	0.150432109071288
0	0.134655649955524	0.344708328798235	0.183593244329319	0.109878753397217	0.0708885751374684	0.156275448382236
0	0.148585435376104	0.154403806711529	0.174378528459	0.089800504873652	0.304803802797332	0.128027921782383
0	0.0153412729776831	0.214744084129894	0.0277121774102101	0.0334962957403173	0.570519072391095	0.1381870973508
0	0.346358095559708	0.470461041238558	0.0181557569165869	0.117531451616923	0.0351360566004857	0.0123575980677396
0	0.131439577417653	0.100191992410542	0.135575608521508	0.0939190862072596	0.0109091470926227	0.527964588350415
0	0.18583134271908	0.0166480882662678	0.139053710717335	0.214397811325303	0.163017968286381	0.281051078685634
0	0.130776115770122	0.0289428771799264	0.285617959349787	0.136272412426166	0.0291902316020898	0.389200403671909
0	0.0074571839257453	0.190940610377409	0.382865056231575	0.230792987364935	0.0446832751293147	0.143260886971021
0	0.0590136158752571	0.0775043731921916	0.0303989521267647	0.379662779478737	0.395863794418647	0.0575564849084031
0	0.0991851195827041	0.148051493638025	0.322614690662965	0.195017751305579	0.0948221605245664	0.140308784286161
0	0.192323709973784	0.383081047060726	0.125795557599483	0.111233163417237	0.155802496271579	0.0317640256771898
0	0.157525635656326	0.182672670552588	0.105261039430637	0.229700001168042	0.24719765767069	0.077642995521716
0	0.14782463875415	0.107773657792296	0.100260050915258	0.424180152578009	0.135570104682916	0.0843913952773712
0	0.178316776920468	0.0462906432902709	0.0496028111812538	0.0785768174880074	0.227834293328189	0.41937865779181
0	0.0354858119926907	0.173656647937495	0.115265156420964	0.253202169314698	0.184115615312864	0.238274599021289
0	0.032382547074459	0.215493969943344	0.109760122193051	0.052423810715935	0.22183128835333	0.368108261719881
0	0.0166908017323684	0.12000736596305	0.201329678815539	0.0872650619271153	0.0240396728011806	0.550667418760747
0	0.209604233080033	0.260717291512626	0.221507113222483	0.215473210366812	0.0752381109771695	0.0174600408408763
0	0.28759342351695	0.0298954083638352	0.182659348455273	0.371911155100602	0.024212896105694	0.103727768457646
0	0.192727258272434	0.103811400111516	0.200217796143932	0.421326234616643	0.0495966435500305	0.0323206673054447
0	0.0237050275192167	0.0162560101841943	0.263817817828936	0.528343057125207	0.132085308844167	0.035792778498279
0	0.18035170894311	0.0168565368264339	0.316620886372119	0.163524438028132	0.105454822096646	0.217191607733559
0	0.0204395278157665	0.204253278483685	0.324659381178131	0.245702813415336	0.0711491108936907	0.133795888213391
0	0.16012615025323	0.0832745221778136	0.40178910761766	0.220233212306701	0.0498603523335979	0.0847166553109965
0	0.105439895421761	0.0326489637871939	0.345889549768924	0.305064917864753	0.0071504092782132	0.203806263879154
0	0.431607820501826	0.0113817277628431	0.127212364888542	0.0961653778328507	0.0316519674182727	0.301980741595666
0	0.0888448228717927	0.0720343354897271	0.128850254881206	0.216242006848849	0.317155853780462	0.176872726127963
0	0.0730838047476051	0.0230426768150624	0.094556036788307	0.662145356099372	0.0813243868473433	0.06584773870231
0	0.0767615474307686	0.0431509899302513	0.314814715229332	0.272179842339895	0.273809012252121	0.0192838928176315
0	0.247811738391488	0.385621330887328	0.148874120739302	0.144127815534575	0.0266035178985668	0.0469614765487395
0	0.0319063096298806	0.0657345168940448	0.147594375725364	0.529746366475612	0.0359859542940806	0.189032476981018
0	0.0784057201920949	0.0220574644051166	0.445541721363998	0.340306090389491	0.0406508400614296	0.0730381635878691
0	0.394686724504041	0.0865764080864793	0.129472761277892	0.133609216089422	0.157838978273449	0.0978159117687171
0	0.10898352521815	0.0480590442139587	0.0039029159140395	0.411277484192992	0.0233109064216638	0.404466124039195
0	0.662612840695066	0.0406565227576157	0.0492183196503918	0.0590712843378404	0.0259892543310683	0.162451778228018
0	0.0334700498513144	0.130614689551292	0.0592412571134321	0.399869138994567	0.341970605574478	0.0348342589149176
0	0.106764054065187	0.302469363440762	0.147766904803144	0.0287640206819021	0.266770520820057	0.147465136188948
0	0.0799716448835437	0.0152175181235172	0.144750116771274	0.33808916951716	0.299319095245075	0.122652455459431
0	0.123229214182224	0.148932141068877	0.0718206060201227	0.512801550116383	0.125902644120809	0.0173138444915851
0	0.0717859376732764	0.106080699746877	0.0114129260755372	0.225644222820608	0.504849653977495	0.0802265597062063
0	0.140121423102828	0.0925228849086842	0.112435695129392	0.345641036069111	0.0503180673453141	0.258960893444671
0	0.412643116202801	0.207346414394473	0.0879937814808964	0.24028916678862	0.0398331034596333	0.0118944176735769
0	0.140259230373958	0.114124515799421	0.545466960624974	0.15483704324233	0.0203277149739088	0.0249845349854084
0	0.1407861567792	0.0101335277045636	0.0808180858005093	0.43747934615944	0.0855096385223815	0.245273245033906
0	0.131498585634828	0.343610894840024	0.174984695224985	0.098435812134074	0.0841874348682238	0.167282577297865
0	0.0503259688299083	0.0848359769263002	0.22419601611233	0.438339111097737	0.0089928807011514	0.193310046332573
0	0.0262960269753508	0.109735684059223	0.0581707780831267	0.462133792747082	0.111355206365346	0.232308511769872
0	0.125769822776539	0.0154568214201146	0.0323055924747026	0.083158308259565	0.211989666203141	0.531319788865937
0	0.118639790392058	0.0636015433415042	0.127644235322296	0.164832392495017	0.15368748119014	0.371594557258986
0	0.1022720917271	0.0614199632877646	0.0331022393309973	0.279043042640466	0.04828856298384	0.475874100029832
0	0.158121889133294	0.124150253163474	0.40508168539793	0.131039014116429	0.113725923010886	0.0678812351779873
0	0.252436217000335	0.0764108966701899	0.262980135291822	0.168411513471856	0.18025273743761	0.0595085001281867
0	0.0656583021867314	0.079530427333229	0.0821005323451891	0.0948486967287837	0.271970290285658	0.405891751120409
0	0.128350786305102	0.0668590895473851	0.0580600085920378	0.156083640590042	0.563549128932958	0.0270973460324741
0	0.307250020435093	0.0629609679356866	0.169158661489853	0.101632184738612	0.227673290119852	0.131324875280903
0	0.217309431910779	0.0684658966004742	0.203588291923637	0.325800767971703	0.140398547551695	0.0444370640417122
0	0.0816234205639553	0.111434010881659	0.204179165871541	0.176641401387302	0.187476923490436	0.238645077805107
0	0.15329767937314	0.0863171313444459	0.0862461516924984	0.43606805121203	0.165640099493799	0.0724308868840869
0	0.0375525219751899	0.270273632715536	0.368051140066104	0.213647361034375	0.0589661252969815	0.0515092189118144
0	0.10166599008791	0.0872789943627785	0.0383257444673922	0.513746069879146	0.113417312871858	0.145565888330916
0	0.0152828754338985	0.375730408904953	0.417271745253018	0.0283112402176926	0.0590172962944127	0.104386433896026
0	0.0475445555065449	0.119800061465635	0.132393638230604	0.163910198419972	0.110883066476472	0.425468479900773
0	0.377492371484298	0.209407830001381	0.262547462402729	0.0693896347802101	0.0381548080359183	0.0430078932954634
0	0.0573068932856712	0.232607312786112	0.0768862411495837	0.184515471488852	0.122704827443281	0.325979253846501
0	0.0067107301551957	0.0588797950176948	0.208933667404681	0.663267293525635	0.0305488276666878	0.0316596862301052
0	0.258033168156353	0.0476742150679278	0.111463045140869	0.510179995947505	0.0609436875038605	0.0117058881834847
0	0.0352178616859567	0.110452959122968	0.0595359349932687	0.100406350220039	0.0820894554375877	0.61229743854018
0	0.24344056646902	0.110662587975698	0.407805226259894	0.169518331350482	0.0073095421068552	0.0612637458380505
0	0.285357965546317	0.110702927942696	0.0661788993090465	0.214497705749417	0.0636265567759803	0.259635944676543
0	0.040906103700615	0.0370876404834047	0.0606227582266277	0.118880445536075	0.594099480396138	0.148403571657139
0	0.130857145323543	0.195161597468386	0.0166890383288924	0.561788733913107	0.0797015030746309	0.0158019818914407
0	0.0039995725351182	0.292729531687103	0.069374086243718	0.535067733979938	0.0558056892274071	0.0430233863267155
0	0.168076919175586	0.266937196006493	0.247692321814173	0.107139565385421	0.0754930687379468	0.134660928880379
0	0.0947100190583425	0.104753047540132	0.536425116939327	0.124678658705992	0.0341867861240608	0.105246371632146
0	0.268192753767182	0.173670333404708	0.0241213692325424	0.182705041780873	0.0779001998047225	0.273410302009971
0	0.0874044874656401	0.120698696533486	0.0361862605155178	0.685201297368668	0.0267982272236381	0.0437110308930503
0	0.220106036086638	0.383044278148601	0.0268748759015553	0.0562442246700551	0.188893077428118	0.124837507765032
0	0.0491734512721023	0.116562308710084	0.197100507332369	0.372207039594233	0.0896874183591996	0.175269274732011
0	0.0714707119793543	0.200864550460046	0.183919439304428	0.325269885690276	0.0232250330182941	0.195250379547602
0	0.0064068996577672	0.0076669670036148	0.269493772925175	0.0621381594292732	0.649306532469623	0.0049876685145464
0	0.0196206215149277	0.0257041331150795	0.378925042700074	0.30553651075215	0.247964026164813	0.0222496657529568
0	0.086795739496149	0.353672498765972	0.0506833784378595	0.114877814503686	0.122810562399626	0.271160006396708
0	0.297825080347218	0.215087157878839	0.105880899335106	0.0395662496669612	0.305762916906257	0.0358776958656193
0	0.133251118134575	0.106904727691848	0.0146246009633693	0.130520245246286	0.452035549322962	0.162663758640959
0	0.0232889773852449	0.0112958244874506	0.0543322247876805	0.215672251734538	0.250235083252954	0.445175638352132
0	0.022954427571153	0.0463059754081355	0.112073067570749	0.752438540088584	0.0049546527859938	0.0612733365753846
0	0.0344489162023136	0.054879511791179	0.0111731027934546	0.575907688174051	0.232339319476369	0.0912514615626327
0	0.0940829022375545	0.28324310099561	0.380391693553497	0.125442686295822	0.0764560718261299	0.0403835450913878
0	0.0538480210295375	0.115313502092302	0.114817669313784	0.255522482832086	0.241815770016233	0.218682554716057
0	0.0985317679203679	0.163513146987508	0.0366763164713466	0.058208171875234	0.421516881396234	0.22155371534931
0	0.107794171613318	0.100351648021041	0.300442668926054	0.156334554296584	0.0236714865829735	0.31140547056003
0	0.0314366690940364	0.425166534012924	0.0773783360403514	0.421021405725174	0.0170409329815416	0.0279561221459726
0	0.0245418752326749	0.0309236503266394	0.313588067810142	0.554698313181069	0.0028451408059793	0.0734029526434954
0	0.0053944088067699	0.0282159511586196	0.148112195413624	0.080990193993942	0.0385151541510869	0.698772096475958
0	0.502331964811531	0.0774684107417132	0.0702061065478188	0.229040730533164	0.0247089914626177	0.0962437959031552
0	0.0678414961115289	0.10901095098062	0.140749858504	0.436688099315899	0.216713020491669	0.0289965745962828
0	0.136750423945005	0.200197788431069	0.127654037527893	0.11687050006245	0.331974230815563	0.0865530192180196
0	0.0931655992053738	0.0936555804313323	0.0492749207362817	0.393106495539435	0.242164804459581	0.128632599627996
0	0.0631515940823813	0.0674813927445092	0.177642619289405	0.285648948265467	0.35241274599225	0.0536626996259878
0	0.0641702139713234	0.0211267392530763	0.110191267174009	0.139720709603582	0.437064319075035	0.227726750922975
0	0.0747568393467924	0.217689819664981	0.344648201034866	0.211773700095271	0.12329418982998	0.0278372500281095
0	0.156151724087919	0.0475848435046616	0.334634169207492	0.160123813221312	0.0295547166985635	0.271950733280052
0	0.0952819145955054	0.0300004901301824	0.545311750938584	0.113951184400022	0.102145130011645	0.113309529924061
0	0.0425408007709318	0.0960926559023086	0.198065807236582	0.141261866166334	0.373829228639501	0.148209641284343
0	0.0641145546962792	0.0462633246147351	0.341209071822226	0.195510144900484	0.144995035946889	0.207907868019387
0	0.14244395176525	0.318993697484024	0.18546925949662	0.201468482804972	0.130441104402313	0.0211835040468211
0	0.11343736431562	0.0536376353036642	0.105120834318318	0.289594551194278	0.169202662067202	0.269006952800918
0	0.0353092979820915	0.125408144925802	0.0698911664830145	0.125292784585871	0.109931807233144	0.534166798790076
0	0.205128298065659	0.0778868950721102	0.154436894076262	0.394498718891679	0.122834866662218	0.0452143272320719
0	0.0626856052101861	0.185252373139699	0.140960911358836	0.487054735585558	0.0782935663324978	0.0457528083732236
0	0.0798131499184773	0.110751333676595	0.514903686528782	0.0559628469290064	0.0984921654125397	0.1400768175346
0	0.0524933700392297	0.608492896331008	0.0790337922341264	0.12088394574843	0.0651712861863592	0.0739247094608466
0	0.0087111557733921	0.134177873973857	0.549115245875158	0.208399285754306	0.0540121900813262	0.0455842485419609
0	0.0680809388495577	0.372283000055072	0.275161358065354	0.0510700255808448	0.0309540203463213	0.202450657102849
0	0.293443140575387	0.0642383071295554	0.203586053463394	0.160900576087379	0.236360155381787	0.0414717673624989
0	0.0273115640457892	0.126292377189748	0.197336835037728	0.0802022256652951	0.256470957744129	0.312386040317311
0	0.27429040550654	0.0395571910702059	0.0586979297860041	0.309948845088175	0.0507339779658346	0.266771650583241
0	0.0315823752821711	0.27472636528409	0.0310142559824935	0.546196714404016	0.0090441364079407	0.107436152639289
0	0.47399875817502	0.0474560908606987	0.126255969097746	0.198191019643573	0.0940039127578627	0.0600942494650997
0	0.240136999517695	0.0735652980756311	0.0180251250074352	0.236604627119797	0.319642561057966	0.112025389221476
0	0.0065187806428092	0.102972441479814	0.0382263857219167	0.761075081592277	0.0376499052250227	0.0535574053381595
0	0.233948124094719	0.116693260614718	0.0516638450159345	0.11327266553715	0.310290955517257	0.174131149220221
0	0.0387107445677655	0.350451539085294	0.170584705292014	0.342991510398512	0.0168757730296549	0.0803857276267592
0	0.133194168030847	0.0943191450020759	0.330007166191516	0.230759635534625	0.095176730034326	0.11654315520661
0	0.198399853125362	0.409541880923772	0.0460953960156099	0.22587563399811	0.0997918629199827	0.0202953730171635
0	0.0787549825466489	0.566079103231295	0.125679724213627	0.057586141594164	0.102092184643543	0.0698078637707211
0	0.0249236592966117	0.134042637330446	0.242735088267741	0.0708644254669883	0.214731484270197	0.312702705368016
0	0.111182398308352	0.238609986446692	0.11272421168739	0.129122203470771	0.0809639830082345	0.327397217078562
0	0.267828916513165	0.057599564392024	0.0893352462000187	0.353971728555032	0.0663052425144243	0.164959301825336
0	0.170354268438911	0.007527879422435	0.161453550343172	0.410726648045581	0.141980838237913	0.107956815511988
0	0.299277675441239	0.0198350539353324	0.18657709916943	0.101538027708599	0.0826993810390713	0.310072762706327
0	0.147205339432706	0.167551637005016	0.28556829142847	0.149113924914426	0.106991824799374	0.143568982420009
0	0.167956629519795	0.210792012908563	0.0890688757793271	0.200178490060079	0.079732080467607	0.252271911264629
0	0.0601662899112128	0.0485181756144525	0.382488501889248	0.346868180007065	0.0083893330658561	0.153569519512166
0	0.195888226758798	0.0539620225083211	0.294062770911949	0.374172828314675	0.031202652181268	0.050711499324989
0	0.0369063332429489	0.0390854082639433	0.0680835372553992	0.233736438478804	0.0750970523441268	0.547091230414778
0	0.130410379264885	0.0591123787022853	0.142679067337815	0.0386090180383058	0.315624798980914	0.313564357675795
0	0.0153881655270424	0.017018108856717	0.154834408293616	0.78407066307697	0.0177913174709668	0.0108973367746874
0	0.145084448822729	0.0598092173357332	0.217622828073024	0.428574809597702	0.107506733092842	0.0414019630779688
0	0.0338674274948751	0.208158631703768	0.618041844892767	0.0617416065023344	0.0118109660718779	0.0663795233343777
0	0.194872076545397	0.433200163186466	0.0066937268477819	0.0893341037515787	0.246589337756644	0.0293105919121316
0	0.0670808033057925	0.146024993927862	0.0670584538255149	0.14812974496504	0.414537019564917	0.157168984410874
0	0.0233325638769361	0.0718133625872533	0.253854378021164	0.227723627130364	0.123258196628186	0.300017871756097
0	0.123091067617856	0.0357544008575944	0.0504840791258502	0.186397196474522	0.525254900291291	0.079018355632886
0	0.43206393032283	0.148169585712143	0.0870046490758193	0.0910867043376349	0.0674275830083388	0.174247547543234
0	0.0801955231170975	0.0225905140146694	0.0259928307693069	0.519207578096462	0.0745616594553944	0.27745189454707
0	0.19885705458693	0.0387482470218025	0.064412044055184	0.0711878840404505	0.248384760936647	0.378410009358986
0	0.0395644252736834	0.723643166526459	0.0116714275170992	0.0277951685850758	0.0286303847808024	0.16869542731688
0	0.0134912920730727	0.265765512336744	0.0505878458794436	0.52373289735939	0.0313471071480601	0.11507534520329
0	0.0573040506781438	0.126430156260752	0.238314379154311	0.216177833563658	0.154724703699174	0.207048876643961
0	0.398131530838542	0.0837591668176053	0.284315001394208	0.0358278400064983	0.0223788792027854	0.175587581740361
0	0.0955434989456751	0.143239185228473	0.225322890741247	0.159527387711525	0.290982622777766	0.0853844145953137
0	0.0058255708029355	0.105044385263141	0.367892106443368	0.0777518459696778	0.0293476653055355	0.414138426215343
0	0.0342886187883367	0.0806214365920747	0.0937904682897363	0.227669751419123	0.177262487297643	0.386367237613087
0	0.0657339085779605	0.033618860796812	0.150167099474544	0.215258177583816	0.140742598823175	0.394479354743692
0	0.128404289819167	0.033072063995389	0.396321411150233	0.174105009083942	0.178193582164269	0.0899036437869996
0	0.0224609628237375	0.299138735095468	0.056382213034514	0.254760966828837	0.0800274355206107	0.287229686696833
0	0.0045552285601049	0.0985882225598319	0.137358203136596	0.277753156138599	0.288329200102933	0.193415989501935
0	0.159424457169112	0.13812779621666	0.371516432802513	0.193412885794938	0.0214716532576437	0.116046774759134
0	0.150571150549801	0.128248184295386	0.191428076463106	0.136570035231992	0.243339447502303	0.149843105957411
0	0.469832835769794	0.0269209617224061	0.0173107241257645	0.281045870693056	0.0398426627893165	0.165046944899663
0	0.0700367702761013	0.183836415829855	0.127963163611799	0.0575971161314055	0.431912047082103	0.128654487068737
0	0.315703465345939	0.028227254348511	0.0618188251090219	0.122428735255271	0.42171720338544	0.0501045165558159
0	0.0119185453069398	0.785612475931846	0.0258974236896524	0.0250285113129155	0.0961117163066449	0.0554313274520018
0	0.696627511411392	0.0093625462564845	0.0334711215232759	0.165237382918742	0.0102171341409432	0.0850843037491627
0	0.0357086384355958	0.0745558425544164	0.0608250883277295	0.0287094490405408	0.0974484945191813	0.702752487122536
0	0.190738879882821	0.176219039086691	0.0208791375797062	0.37779168699214	0.015328603726127	0.219042652732515
0	0.10219277716352	0.0073607895095621	0.169185442466271	0.0723408001576841	0.0497211432518249	0.599199047451138
0	0.272078882661672	0.23889820711904	0.248694075721168	0.0582668272635198	0.0688574296785773	0.113204577556023
0	0.0561310152712445	0.207472789202005	0.323302087699733	0.0463969797446032	0.201417989964171	0.165279138118243
0	0.127148695051244	0.0356967749712381	0.120310586094113	0.0255212067123997	0.164246787037016	0.52707595013399
0	0.104813040564877	0.0071083405861279	0.591042938132888	0.0406863893371991	0.199162134131692	0.0571871572472164
0	0.0083823964770638	0.212456317556778	0.0658373808390263	0.429337330838163	0.209513699999335	0.0744728742896332
0	0.106811469199784	0.0868499038685255	0.135704479693666	0.32399837724597	0.124253946493359	0.222381823498695
0	0.529276872404066	0.0186119053319129	0.22292615911611	0.103796348370787	0.0335850421812655	0.0918036725958593
0	0.0529665693575042	0.832395076095119	0.0061844549329832	0.0585441222292485	0.0244792156694144	0.0254305617157308
0	0.0654072297017412	0.0573839585928138	0.575516683802019	0.0639190882269861	0.0531776441554236	0.184595395521017
0	0.191661938408604	0.260237470863062	0.0895506294882978	0.118566621554964	0.321299670429302	0.0186836692557703
0	0.0313137147869151	0.426725181967902	0.0677706921475763	0.432313784484805	0.0186939689854635	0.0231826576273385
0	0.197147563746889	0.110369558196878	0.374796297913991	0.191780414038918	0.0383140909787402	0.0875920751245832
0	0.0394619254222056	0.546868967422939	0.0862689153751146	0.0813464234766111	0.0453593031521913	0.200694465150938
0	0.142394654303261	0.0586041573240548	0.0893773588295487	0.219630050086677	0.0307018845181389	0.459291894938319
0	0.0144101783651971	0.0709182155895503	0.0388837275117918	0.604306331753103	0.0110236317670391	0.260457915013319
0	0.0283697305401042	0.308161784090327	0.179148683564212	0.29416513837098	0.0648565811095934	0.125298082324784
0	0.0139909355704951	0.0461037963426085	0.192130410593081	0.0850497170902541	0.118104541803019	0.544620598600542
0	0.223648426478896	0.0830932087168299	0.0870358308641938	0.0900018804660135	0.0377930745523039	0.478427578921763
0	0.156257205512341	0.266093498522699	0.0230575104109445	0.160107401807042	0.35179777169099	0.0426866120559855
0	0.0304247497644853	0.306335133365964	0.0308186445063768	0.436785506614341	0.0964294625049938	0.0992065032438387
0	0.0520105869104318	0.203642140372355	0.0414704154193554	0.14278711268208	0.327428405131687	0.23266133948409
0	0.0632559218746548	0.425455591712898	0.292267307116005	0.0326304471122315	0.0990773389110809	0.0873133932731293
0	0.151280183499205	0.0821785347410391	0.232513331405197	0.096990402482356	0.38355696419032	0.0534805836818826
0	0.126690339972688	0.0170781557949259	0.0610802164215812	0.257570154807099	0.0612800410938197	0.476301091909887
0	0.32712192235435	0.267583850462879	0.196810120600701	0.041197882462862	0.0294914182323758	0.137794805886832
0	0.319732518957991	0.0577253038571617	0.0656492421525352	0.320999313236248	0.184619959414657	0.0512736623814072
0	0.180517299313765	0.0101418477161043	0.18186816370931	0.263504004907477	0.100040072490377	0.263928611862967
